0.000000000000000000e+00 0.000000000000000000e+00
1.000000000000000000e+00 0.000000000000000000e+00
1.000000000000000000e+00 1.000000000000000000e+00
0.000000000000000000e+00 1.000000000000000000e+00
4.999999999986939891e-01 0.000000000000000000e+00
1.000000000000000000e+00 4.999999999986939891e-01
5.000000000020591306e-01 1.000000000000000000e+00
0.000000000000000000e+00 5.000000000020591306e-01
2.937500000004586442e-01 7.062500000004163780e-01
3.749999999995794475e-01 3.750000000004206635e-01
6.479166666669071706e-01 6.437499999998401723e-01
7.187499999993461897e-01 2.812499999995108912e-01
