37 68 79
68 37 72
62 34 69
59 40 63
34 62 70
63 40 86
28 29 71
65 41 67
67 38 73
41 65 88
29 34 71
37 28 71
64 36 65
63 36 64
66 49 77
66 67 73
68 42 79
34 70 71
64 66 77
49 66 73
71 70 93
72 71 93
62 69 83
40 59 84
64 65 66
43 81 84
43 84 97
68 72 85
37 71 72
66 65 67
38 67 82
33 45 46
33 23 45
34 30 69
22 23 33
45 42 68
29 30 34
73 38 76
38 21 76
24 42 45
22 33 76
35 9 74
15 16 36
31 44 69
8 9 35
21 22 76
23 24 45
39 7 75
33 46 47
30 31 69
8 35 75
33 47 76
10 43 74
7 8 75
24 25 42
47 73 76
46 45 68
9 10 74
17 18 41
31 32 44
10 11 43
6 7 39
47 46 48
57 64 77
61 55 62
57 63 64
13 14 40
27 28 37
50 48 51
54 52 55
47 49 73
57 59 63
53 56 57
50 51 52
47 48 49
54 55 58
20 21 38
57 56 59
49 48 50
53 52 54
50 52 53
53 54 56
58 55 61
49 50 77
53 57 77
50 53 77
59 56 60
54 58 78
56 54 78
60 56 78
70 62 87
44 80 98
83 44 98
26 27 79
5 6 80
12 13 81
36 63 86
19 20 82
20 38 82
65 36 88
27 37 79
6 39 80
13 40 81
87 51 93
67 41 82
51 48 85
46 68 85
15 36 86
40 14 86
62 55 87
52 51 87
36 16 88
17 41 88
4 26 89
3 19 90
1 5 91
32 1 91
2 12 92
11 2 92
25 4 89
18 3 90
51 85 93
61 62 83
69 44 83
59 60 84
70 87 93
48 46 85
81 40 84
14 15 86
55 52 87
85 72 93
12 81 92
26 79 89
5 80 91
16 17 88
42 25 89
41 18 90
44 32 91
43 11 92
19 82 90
60 94 97
39 75 96
94 78 95
35 74 94
35 94 95
78 58 95
75 35 95
60 78 94
58 61 96
95 58 96
75 95 96
94 74 97
74 43 97
79 42 89
81 43 92
80 44 91
96 61 98
39 96 98
82 41 90
80 39 98
84 60 97
61 83 98
