0.0 0.0
1.0 0.0
1.0 1.0
0.0 1.0
0.12499999999977311 0.0
0.24999999999941075 0.0
0.374999999999046 0.0
0.4999999999986922 0.0
0.6249999999990107 0.0
0.7499999999993404 0.0
0.8749999999996702 0.0
1.0 0.12499999999977311
1.0 0.24999999999941075
1.0 0.374999999999046
1.0 0.4999999999986922
1.0 0.6249999999990107
1.0 0.7499999999993404
1.0 0.8749999999996702
0.8749999999995015 1.0
0.7500000000003476 1.0
0.6250000000012155 1.0
0.5000000000020615 1.0
0.37500000000156286 1.0
0.25000000000104194 1.0
0.12500000000052092 1.0
0.0 0.8749999999995015
0.0 0.7500000000003476
0.0 0.6250000000012155
0.0 0.5000000000020615
0.0 0.37500000000156286
0.0 0.25000000000104194
0.0 0.12500000000052092
0.43750000000181216 0.8917468245270956
0.12125914095289103 0.43112117036853737
0.5624999999988515 0.10825317547303953
0.8892750608248836 0.5640948631063584
0.10825317547230323 0.6875000000007816
0.6901081464382917 0.8929849573910134
0.31281086598417146 0.1044931860863128
0.8817373148985193 0.3307740260777836
0.8905148078131063 0.7966579344024683
0.18802967116092179 0.8941534943677028
0.8124999999995052 0.10825317547334039
0.12076953676380733 0.18690935762408756
0.31258827852827575 0.8921479361670844
0.3777617321236145 0.7851464931730501
0.5004602886882826 0.7837691230743569
0.4407840225037797 0.6771478521171521
0.5649600494827587 0.6767503730786047
0.5004884414966675 0.5672778829762546
0.3869428580759646 0.5672991787102919
0.44301038174930035 0.45684931552185404
0.5634998038750245 0.458468418929084
0.5010850309385111 0.3501225286940367
0.3795377339355289 0.3481218582070845
0.6251266299094039 0.3504430388690991
0.6876877389643852 0.4586835206367198
0.4375000000020055 0.24222777169198506
0.7500000000005724 0.3504809471648043
0.6866823184207824 0.2476289266480899
0.3141186395982266 0.24965544328045997
0.24418615484441758 0.3577361238201698
0.8124289467221151 0.45500248311961466
0.7500000000003237 0.5669872981100771
0.8221267806304127 0.6767859519483697
0.6985159857017874 0.6821170180061206
0.7624318058360713 0.7868767533111315
0.23533274979922555 0.7709339938935147
0.10825317547343233 0.31250000000117467
0.22257735880419696 0.47344721641341736
0.13712305380401227 0.5617982471836285
0.21809253452218616 0.6548089282261811
0.6284495566844642 0.7850749770380413
0.6874999999992659 0.10825317547328747
0.4374999999991087 0.10825317547299836
0.5632759514069967 0.8921152691542633
0.6275253365868244 0.5683807519561435
0.5625000000014397 0.24222777169208592
0.10409951422139105 0.8120678220969123
0.19185372118111224 0.09292564867358079
0.8965842169429774 0.19336200683917007
0.8088666438741621 0.897173086442379
0.2076726160145954 0.25628918442207166
0.7989110605604671 0.25007334953587557
0.3260733379406422 0.6776011426060615
0.915464298762109 0.4374999999988691
0.3281595767788001 0.4577243358118348
0.9226624454759008 0.6874999999991755
0.09150635094649474 0.9084936490535108
0.9084936490536323 0.9084936490536777
0.09150635094641771 0.09150635094661808
0.9084936490535543 0.09150635094629629
0.2698281199876337 0.5654465081585691
0.6249999999989257 0.17524047358135525
0.4999999999993444 0.17524047358150757
0.3750000000023243 0.17524047358384306
0.7398391675636548 0.1753067707867459
0.25103557339309324 0.17464499738446632
