1 0
-0.5 0.866025
-0.5 -0.866025
0.913545 0.406737
0.669131 0.743145
0.309017 0.951057
-0.104528 0.994522
-0.809017 0.587785
-0.978148 0.207912
-0.978148 -0.207912
-0.809017 -0.587785
-0.104528 -0.994522
0.309017 -0.951057
0.669131 -0.743145
0.913545 -0.406737
-0.564602 -0.251377
0.703637 0.148496
-0.197423 0.604913
0.0583575 -0.633345
0.309017 0.535233
0.5 -0.363271
-0.599264 0.267439
-0.23693 -0.698032
-0.190983 -0.330792
0.156912 -0.292975
-0.0619439 0.0129719
0.37258 0.085231
-0.381297 -1.49795e-09
-0.5 0.555306
0.0781077 0.743145
0.0375786 0.357537
0.59671 0.39961
0.373619 -0.647127
0.707369 -0.121
-0.747238 -1.68052e-09
-0.5 -0.555306
-0.283725 0.299694
